1945
1938
3965
1624
2001
2056
3075
1407
3115
1740
1728
3231
1458
2647
1711
1054
3731
2367
3149
2545
2645
2662
2967
2576
3486
3161
2899
3758
2280
2062
1356
2632
3259
3748
3970
2083
1725
1536
1695
1538
3845
3815
1038
2653
3240
2267
1753
3604
1199
2470
3418
3981
1068
3123
3998
1884
3416
1973
2176
3530
1621
1219
2131
1512
2196
2838
1694
2678
1504
2007
2663
3033
2686
2159
3571
2581
1204
1788
3983
1890
1843
3899
1334
2010
1965
2542
3201
1447
1129
3965
3361
3883
2137
1557
3863
1185
2521
3094
2379
2964
